".??..??...?##.?.??..??...?##.?.??..??...?##.?.??..??...?##.?.??..??...?##."
[1, 1, 3, 1, 1, 3, 1, 1, 3, 1, 1, 3, 1, 1, 3]
16384 arrangements
2**14 = 16384
8*8*8*8*4=16384

"????.######..#####.?????.######..#####.?????.######..#####.?????.######..#####.?????.######..#####."
[1, 6, 5, 1, 6, 5, 1, 6, 5, 1, 6, 5, 1, 6, 5]
2500 arrangements
4*5*5*5*5 = 2500

"?###??????????###??????????###??????????###??????????###????????"
[3, 2, 1, 3, 2, 1, 3, 2, 1, 3, 2, 1, 3, 2, 1]
5*5*5*5*5*3*3*3*3*2 = 506250
15*15*15*15*10

